parameters:
    max_steps = 1000
    evaluations = 100
genetic
    policy
        [0, 3, 2, 2, 0, 0, 0, 1, 3, 1, 1, 1, 3, 3, 1, 1]
    score
        53

value iteration
    state_values
        [0.061556532657096645, 0.05494896969676481, 0.06676575126270333, 0.050006887877340735, 0.08232788529424499, 0.0, 0.1008977703704495, 0.0, 0.13065967457440977, 0.22261889446674174, 0.2695764566126561, 0.0, 0.0, 0.34186007260430157, 0.5750794789427891, 0.0]
    policy
        [0, 3, 0, 3, 0, 0, 0, 0, 3, 1, 0, 0, 0, 2, 1, 0]
    score
        75
